Q = \begin{bmatrix}
1.0518 & -0.1103 & -0.6085 &  0.5174 &  0.0000 &  0.0000 &  0.0000 &  0.0000 &  0.0000 &  0.0000 &  0.0000 &  0.0000 \\
-0.1103 &  1.2272 &  0.5678 &  0.0697 &  0.0000 &  0.0000 &  0.0000 &  0.0000 &  0.0000 &  0.0000 &  0.0000 &  0.0000 \\
-0.6085 &  0.5678 &  4.0223 &  0.3505 &  0.2557 & -0.0582 &  0.0000 &  0.0000 &  0.0000 &  0.0000 &  0.0000 &  0.0000 \\
 0.5174 &  0.0697 &  0.3505 &  3.7182 & -0.4645 & -0.4301 &  0.0000 &  0.0000 &  0.0000 &  0.0000 &  0.0000 &  0.0000 \\
 0.0000 &  0.0000 &  0.2557 & -0.4645 &  6.5945 & -0.4978 &  0.0000 &  0.0000 &  0.0000 &  0.0000 &  0.0000 &  0.0000 \\
 0.0000 &  0.0000 & -0.0582 & -0.4301 & -0.4978 &  5.8538 &  0.0000 &  0.0000 &  0.0000 &  0.0000 &  0.0000 &  0.0000 \\
 0.0000 &  0.0000 &  0.0000 &  0.0000 &  0.0000 &  0.0000 &  3.5804 & -1.1667 &  0.6807 &  0.0339 &  0.0000 &  0.0000 \\
 0.0000 &  0.0000 &  0.0000 &  0.0000 &  0.0000 &  0.0000 & -1.1667 &  2.4995 & -0.0703 & -0.0292 &  0.0000 &  0.0000 \\
 0.0000 &  0.0000 &  0.0000 &  0.0000 &  0.0000 &  0.0000 &  0.6807 & -0.0703 &  3.6502 & -0.5135 & -0.0663 &  0.0202 \\
 0.0000 &  0.0000 &  0.0000 &  0.0000 &  0.0000 &  0.0000 &  0.0339 & -0.0292 & -0.5135 &  6.0559 &  0.2801 &  0.3323 \\
 0.0000 &  0.0000 &  0.0000 &  0.0000 &  0.0000 &  0.0000 &  0.0000 &  0.0000 & -0.0663 &  0.2801 &  0.4486 & -0.9338 \\
 0.0000 &  0.0000 &  0.0000 &  0.0000 &  0.0000 &  0.0000 &  0.0000 &  0.0000 &  0.0202 &  0.3323 & -0.9338 &  3.7411 \\
\end{bmatrix}